0 -0.2523703906114742 -0.1690622514652319 -0.3499424056097992 -0.2847903462656155
1 -0.4606258066307818 -0.9999950781191616 -0.3195363358482221 -0.25898977209115914
2 -0.3099561079235393 -0.32395749376963207 -0.3118078207545233 -0.3837492358983413
3 -0.30576486945668957 -0.32526500796467184 -0.35502129174648583 -0.32115503099742576
4 -0.3761092722297784 -0.9929303495098489 -0.24786119510257135 -0.2541006893729321
14 0.0 0.0 0.0 0.0
10 -0.1983541330562384 -0.00815844736566549 -0.9999999996625579 -0.25173328297294234
13 -0.23196890254776503 -0.19481088367548155 -0.9852191170585654 -0.3054229699335902
12 -0.24420973289345294 -0.21229286223479168 -0.2679414417731969 -0.9852191170585654
11 0.0 0.0 0.0 0.0
20 -0.3262135008828404 0.0585722416641003 -0.18397879313327148 -0.08839256769469878
30 -0.11280121113453177 0.014192838819609158 -0.2425510613489485 -0.09546124204296236
5 -0.26157712913504627 -0.2509576627495873 -0.25564248092541 -0.3174747297597895
15 -0.22668238446777217 -0.7941088679053511 -0.20456955405087493 -0.8649148282327008
6 -0.2595137739736373 -0.26880059321826216 -0.2847665497903862 -0.2574071153431115
7 -0.20960628015587449 -0.9576088417247839 -0.13017248913789164 -0.15219527275388434
17 0.0 0.0 0.0 0.0
31 -0.3018758338780944 -0.9912720364319122 -0.9835767967317393 0.010073772705010845
21 -0.9912720364319122 -0.35193254654741146 -0.3131568277155775 -0.12176922291838933
22 -0.3282086749895323 -0.947665236697264 -0.21733104967553735 -0.3255068920856899
23 -0.2690953376313174 -0.21597089911030645 -0.4077207761681345 -0.2628795919383961
33 -0.18890448463331871 -0.19989396550170993 -0.21124277184371779 -0.9202335569231275
40 -0.07851861660956021 0.22505696611195325 -0.9999998631085208 0.06047261442856609
50 0.10028976318142158 0.28292691676268017 -0.0459869594626756 0.19335969200987493
32 0.0 0.0 0.0 0.0
43 -0.0933935835129848 -0.08448130617793947 -0.814697981114816 -0.08531407112444181
53 -0.14350479180481457 -0.14418349045073972 -0.10013803752029686 -0.13164226967888723
41 0.0 0.0 0.0 0.0
24 -0.717570463519 -0.1707136132121836 -0.8499053647030009 -0.17156366442052567
8 -0.10585518739278386 -0.15936740005926264 -0.09758498910821985 -0.28906945483219604
9 -0.09892025016518613 -0.09669627621448143 -0.09966998668357017 -0.11517184911876298
18 -0.10466394925676274 -0.18596389004958597 -0.1721911236458562 -0.7712320754503901
16 -0.19010083718327547 -0.1569508283166714 -0.9282102012308148 -0.2575715335006173
26 -0.14018990227465122 -0.058611988482148596 -0.1436527861910168 -0.6513215599000001
54 -0.6513215599000001 -0.08866262218424706 0.06193028269636408 -0.029377291490068912
55 -0.018284750754055657 0.18938017368569768 -0.46855900000000006 -0.004647193956761435
45 -0.029535459490612155 0.045300964583831566 -0.025404460716525048 -0.6513215599000001
35 -0.5217031000000001 -0.014391144546271432 -0.13145515891119752 -0.1661507993808244
25 0.0 0.0 0.0 0.0
60 0.1802612026491402 0.3159392896120664 -0.017501883735882507 0.23925638217602735
70 0.27126049153999243 0.34037625205475946 0.24187967640722913 0.28902144345145553
80 0.31330654644569383 0.35367978895873814 0.3072537119586417 0.32864937480299494
61 0.011389929283056724 0.07024342391072706 -0.9202335569231275 0.24929995467495314
71 0.09388884632220044 0.31542855829041533 -0.014547525352429008 0.20743222803721437
51 -0.911370618803475 0.01819542851500339 -0.06153431426913292 0.1991535574213451
19 -0.08711866681518375 -0.8499053647030009 -0.15764845283620738 -0.15023138757419086
52 -0.1160149058544062 -0.68618940391 -0.08809370539657302 -0.14916616905108598
42 -0.40951000000000004 -0.0690759711108504 -0.11183405282441107 -0.46855900000000006
62 0.0 0.0 0.0 0.0
81 0.23523037845752462 0.351910364109459 0.2735090119695906 0.3078558617238173
91 0.3005042875416175 0.3339158462750048 0.39647876130276993 0.33603398597408396
82 -0.01996085587492368 0.37188504685124313 0.23025564217016914 0.27254656687413154
72 -0.7458134171671 0.04102612133606755 -0.010016045686037922 0.2144416748202042
90 0.3239909412540105 0.3330551688310723 0.3686346696439774 0.3381069332812943
34 -0.25437230758911517 -0.814697981114816 -0.09858277192342266 -0.19542677812351592
46 -0.04400797427200264 -0.46855900000000006 -0.057399023859481264 -0.05761700290954214
36 -0.0770543144574253 -0.034275207839673937 -0.68618940391 -0.06755705548873982
28 -0.07603685699102715 -0.032649240160763246 -0.68618940391 -0.05247318295406968
38 -0.04352716574808156 -0.024396888128375347 -0.027554095278151065 -0.40951000000000004
29 0.0 0.0 0.0 0.0
83 0.037687157542452686 0.385174625054248 0.14095509093670702 0.2089918297181135
84 -0.9618479575523055 0.3080488349383005 0.4284459460266005 0.2665633046132015
85 0.14866157734171767 0.5029266985355297 0.43671256768055927 0.12182808157732598
75 0.12144084330774725 0.409368889891378 0.1300204759757308 -0.5217031000000001
65 0.011159805135905504 0.2947097164958391 0.004581513152792577 0.011907864990411195
37 0.0 0.0 0.0 0.0
44 0.0 0.0 0.0 0.0
27 -0.5695327900000001 -0.5695327900000001 -0.059821055202641055 -0.05103909155559017
63 -0.027174681116345384 0.026381741545526468 -0.01649723381661322 -0.6513215599000001
73 -0.05015799399347925 0.17788044850277646 -0.46855900000000006 0.007509136528607321
64 -0.045588339597114655 -0.46855900000000006 0.06294306324038959 -0.017649752958897796
66 -0.271 0.13662992715061775 -0.04790868931804043 -0.0008820900000000002
56 0.0 0.0 0.0 0.0
92 0.28361498348451897 0.3800926943236993 0.42428651533651746 0.33460768797829343
93 0.3347308829660152 0.3998446641069283 0.47314446603809857 0.37438102443134513
74 0.0 0.0 0.0 0.0
47 -0.5695327900000001 -0.022400564260195686 -0.00559268901327939 -0.034839981000000006
94 0.06419600896471088 0.4558773043960062 0.5786981083378083 0.4026805076181856
95 0.4363962636997063 0.4918928813865328 0.670689446092932 0.4208649981765359
96 0.4455134068542278 0.5148954068619377 0.7339014204826104 0.4807463840037225
76 0.009768109619580538 0.45415510828108674 -0.34390000000000004 0.026223857006499336
86 0.2471225771871016 0.5287000427770463 0.3549599518822576 0.40866036995599003
87 -0.911370618803475 0.6055577003817854 -0.814697981114816 0.31298391695412453
77 0.0 0.0 0.0 0.0
67 -0.0016129152559498506 -0.46855900000000006 -0.002267717183009839 -0.016569213314860137
57 -0.0509751 -0.014332462145100002 -0.0015558471608364596 -0.271
58 -0.016060945794882778 -0.0068071640039877425 -0.34390000000000004 -0.009272209296160783
48 -0.05539465506945024 -0.028932083243179255 -0.05544862357081463 -0.0668528849494144
39 -0.34390000000000004 -0.03636116537523344 -0.011502143960241174 -0.006493940337991539
49 -0.008472803465173668 -0.46855900000000006 -0.035739 -0.00969378035736547
59 0.0 0.0 0.0 0.0
97 0.05849486212294994 0.6404861655301959 0.9559226497134762 0.5160209002220941
98 -0.9999444667132745 0.3730889740353388 0.9999999999999996 0.6166781923533773
88 0.0 0.0 0.0 0.0
99 0.0 0.0 0.0 0.0
68 -0.007839007508911575 -0.016395390000000003 -0.008019000000000002 -0.05833443989614043
78 -0.0008073481311847521 -0.19 0.0 -0.19
69 -0.34390000000000004 0.0 -0.026829000000000006 0.0
79 -0.01881 0.0 0.0 0.0
