0 0.06083547856912151 0.9037117234685 -0.039278883388186824 0.14898376588866505
4 0.07300205870312806 -1.0 0.9305041072660171 0.2271317570247216
1 -0.20288980180666455 -0.2228372051993563 -0.217868198711941 0.12337269741669563
5 0.11521479885851 0.9533505643573804 -1.0 0.4153802344725469
2 -0.3844307732047496 -1.0 -0.30003056053141103 -0.06161053552250532
9 0.6575828807105535 0.9735802645581548 0.7612 -1.0
10 -1.0 0.9619734134984773 0.0 0.0
3 -0.2435534564784525 -0.48849174516583865 -0.20488983124724114 -0.24791593547887505
7 -0.012603778960064427 -1.0 -0.92274469442792 -1.0
13 0.7645376885440843 0.9139728314482062 0.989590183926327 -1.0
14 0.9206435986360555 0.9544505460423782 1.0 0.9379139502605898
