0 0.6761962564538542 0.529063287165835 0.7299081415875835 0.5517606353356522
8 -0.23765282452836256 -1.0 0.4802242499999999 0.26067834516399707
4 0.5940066525545014 -0.12570934289502794 -1.0 0.1712999961388774
1 0.6890681387559969 -1.0 0.7784147309854035 0.5327081381461778
2 0.6182881291379088 0.7888088351615495 0.6299143683138896 0.5043977884086344
3 -0.98505 -1.0 -0.7949106575594413 0.6747093844116279
6 0.7732504293268575 0.899951305742398 -1.0 -1.0
10 0.570678682725 0.9845885140035613 -1.0 0.7580730943040209
14 0.8961811358457636 0.9579069137134371 1.0 0.9155893462726058
9 -1.0 0.8776997939637932 0.5065464404710748 -0.9801
13 0.7252616249999999 0.04214235261523855 0.9895434999999999 -1.0
