0 0.0005334487040763232 0.5431388421952322 -0.0020463480651458127 0.025929816990076567
4 0.10843012751196228 -0.271 0.6719810380255635 0.15975395840390816
8 0.0 0.0 0.0 0.0
1 -0.0024920101116299807 0.08810174256918105 -0.002115494178306936 -0.0018846191900632563
5 0.010548292799577568 0.7398427309850839 -0.271 0.12461161073071245
2 -0.008168277582338106 -0.271 -0.0024994208667242033 -0.0015301008003491441
3 -0.005453005478729442 -0.005986384407047715 -0.005333541787687586 -0.00731381674686229
7 -0.0012281025373824094 -0.1 -0.01881 -0.271
6 0.0 0.0 0.0 0.0
11 0.0 0.0 0.0 0.0
9 0.0046280583270972165 0.8361978071577626 0.0885548234609173 0.0
13 0.14397072561262306 0.18868995405985595 0.9391777359630324 -0.271
14 0.07148799652152525 0.09880232886700943 0.9998407320891147 0.05319678662503811
10 -0.1 0.5066304037373853 0.0 0.0
12 0.0 0.0 0.0 0.0
15 0.0 0.0 0.0 0.0
