0 0.7350918897362982 0.6983372790498249 0.7737809374999971 0.7350918900752197
1 0.7737809230788502 -0.9999999999999996 0.8145062499999975 0.7350918699220282
2 0.8145062316704197 0.857374999999998 0.7737805418736908 0.7737809290483756
3 0.6291688014232999 -0.9999984554616402 0.6521776562898809 0.8145062081147191
7 0.0 0.0 0.0 0.0
4 0.7350918885798159 0.3017376269752401 -0.9999999718152583 0.6076137563249498
5 0.0 0.0 0.0 0.0
6 0.8145055632157081 0.9024999999999985 -0.9999999272502554 -0.9999998309981739
8 0.5973848587112749 -0.6125795110000001 0.23084231739760563 0.1235552956518135
10 0.8573699118766983 0.9499999999999991 -0.9999825730661898 0.8572438092606092
9 -0.7458134171671 0.5888972936547822 0.9024747200726566 0.2842559426841011
12 0.0 0.0 0.0 0.0
11 0.0 0.0 0.0 0.0
13 0.4159595510140487 0.6220069599282503 0.9497868312076505 -0.8499053647030009
14 0.9023886249453422 0.949841985571647 0.9999999999999996 0.9014687211254209
15 0.0 0.0 0.0 0.0
