0 0.24848529055702506 0.2620951552789643 0.2346329022523206 0.24847924867034896
1 0.23362610640418752 -0.9443827139314505 0.2197297627988897 0.2476429171730002
2 0.21827708347367522 0.21853361786238504 0.20298390775156536 0.23268092818651367
11 0.044703084626748935 0.058544511651103574 0.016198510384493825 0.05207187880526836
10 0.24780080572227473 0.2762853361218033 -0.9443827139314505 0.26096279389048044
20 0.26054658447311757 0.29146105617657764 0.25677209286347313 0.274301590917216
30 0.27453057458912067 0.30744100176724426 0.2683243499081105 0.2886323225780758
31 0.25231767199868327 -0.913200797127097 -0.9089812279342555 0.285674878854257
21 -0.9443827139314505 0.2670544941734011 0.23405073005286434 0.27265038920975176
22 0.21148536037811508 -0.9089812279342555 0.2014155132968487 0.2518780634023941
12 0.2133133218699902 0.23365743504499026 0.19402382698126533 -0.9443827139314505
32 0.09580923375341419 0.08832009558840542 0.029543189013568994 0.05123759884616796
3 0.2001807299800946 0.19310581677172625 0.17461987952935196 0.21690047220040384
13 0.19485473374329604 0.19494479429927003 -0.9316898170328756 0.21191103498748173
14 0.06551461402465864 0.06021203578124608 0.07190545575486665 0.04152192354183157
40 0.28723110485800113 0.3251175316908948 -0.913200797127097 0.30472682799491085
41 0.08421542585708816 0.044082108768959904 0.037398924426791484 0.09136758197147565
4 0.1645078902649034 -0.9316898170328756 0.13141515957790464 0.19293803183941338
5 0.1105513261134246 0.058888391768962385 0.07894607536330266 0.15573169395896688
15 0.0703198960106137 -0.9481106166775739 0.06055149176772039 -0.9316898170236735
16 0.06020126654656373 0.06380582691540104 -0.907291330879577 0.05759613874658046
26 0.060622301918297296 0.06676899380883615 0.06775766965282537 -0.9478694585627099
36 0.06381715468769132 0.06969176852291097 -0.9241258422080375 0.06379965160269198
37 0.0033682798780728996 0.07959711823591975 0.06894372729004399 0.04918456636903529
50 0.2994253234244259 0.346569588201836 0.322759542363655 0.320417382762505
60 0.3188130420286889 0.37307105114712724 0.350014391338414 0.3393804441129853
70 0.34265979740398905 0.4023449693575775 0.39216479140000937 0.3609865187859203
71 0.3426515018688806 0.4303172255615558 0.3656013813189895 0.3489042024321559
72 -0.9633224175141584 0.4183813055144596 0.30756356275938096 0.33623357531521775
62 0.03860726209243748 0.0006597664201326904 0.03581746375941489 0.019671433235614422
23 0.1782120462470459 0.1326594925321099 0.13632485958180882 0.224417914717198
51 -0.913200797127097 0.3488471183679792 0.2224417156228754 0.29911792755767164
61 0.3052172472877273 0.38574372315684113 -0.9633231010121834 0.3324866896973133
6 0.06666302835107306 0.06054125166117687 0.06221443274684909 0.10149887750830248
7 0.06141087554899198 -0.9072912748089333 0.06605174844936475 0.06229735896488446
8 0.06561977063637654 0.07065508456115714 0.059897825735636075 0.06099572592690709
9 0.05953409623454516 0.06306512357384632 0.05964136229898337 0.0642608339780631
19 0.05824527765093726 -0.9066634721318678 0.06182601473307915 0.06816317353512656
18 0.06470716563567519 0.0760788071070183 0.06325704512631086 -0.8999782413732702
28 0.0652165014761758 0.08209647563166347 -0.8579656638821727 0.06788757427211253
29 0.07631174432843943 0.0864241973111293 0.053723990395346324 0.05266766957283982
24 -0.9316898170328756 0.07699249297526234 -0.9481106166797495 0.15833309663365153
25 0.001534090572860014 0.05462040349499933 0.009218890863291451 0.017170437946794403
33 0.15419187732318934 0.0793054400326263 0.06981409407235233 -0.9089812279342555
34 0.09738584381379203 -0.9364388720122863 0.06347114540013069 0.09975005279571396
82 0.3524252937038214 0.5046402386783917 0.4755176353171614 0.41399553857579124
17 0.0757259379683533 0.09758807191470514 0.02516588486426602 0.09681493711346338
52 0.08046273702512381 -0.9633230929560876 0.12383551143590041 0.25766364933111646
53 0.07408769140505263 0.16803541109121817 0.06390200760177663 0.11566875276781258
54 -0.9358131374247164 0.07053807821344871 0.06760892729412724 0.07426728504408325
55 0.06713375622449833 0.08494132444204332 -0.90658084925385 0.0641845542759252
45 0.06377198163625984 0.06669394018361595 0.07003238843562312 -0.9355769151568083
64 0.06424610144952388 -0.9205029062716995 0.08785462574564168 0.11950679110181378
74 0.08197366489163609 0.0070855486287767395 0.010641362333582116 0.050769801572681406
63 0.09466541637840115 0.21394939039655 0.08325952228622265 -0.9630608364021096
73 0.1535584903347855 0.3911059924370839 -0.9220881888770589 0.2675445765961794
43 0.09266377288106709 0.10312988407772744 -0.9364388720008721 0.0604389629470448
44 0.03752148406737417 0.007520348541365707 0.06690645051338188 0.059033034472217354
42 -0.908880108820913 0.11742238328795754 0.06765866788459929 -0.9131622793283377
80 0.36822921312418855 0.4397294560942601 0.42983559040137614 0.40230756338616624
83 0.3214695922533005 0.5379612108001134 0.49276017441490705 0.4181893780451107
81 0.37555772418334266 0.4761807539753788 0.444337441601736 0.39718309516140227
90 0.3967838518857495 0.43255332597682955 0.4762878591174043 0.4297467709525511
91 0.42979781255422417 0.46850319774176585 0.5188213214572397 0.4296304984368636
92 0.4533128017718567 0.5080354342761277 0.5585123965348764 0.46763486149382705
93 0.4783817293883229 0.5450835979496511 0.6006957212234691 0.5055386082471192
94 0.5079637210166499 0.5887460461622257 0.6504826018984026 0.5292112761299862
95 0.48225272695469684 0.6033220936143452 0.7083371275382913 0.5589021056676281
85 0.2114138193090285 0.5998023676264412 0.4499670944746979 0.41995962682747867
75 0.09545807741130655 0.33329407157828506 0.1409199090199001 -0.8808662327439205
86 0.19725642079284733 0.6206202828656375 0.2766615647399423 0.36473621249717236
76 0.06784370544321278 0.3028466483743759 -0.8687212276366572 0.16349650174023778
66 -0.8398122241953988 0.1099459403831572 0.07082636272316986 0.07171297601201007
65 0.06948343098563298 0.135583225288685 0.07415354997241959 0.07421535030825566
96 0.5196720814147523 0.6419320730459043 0.7846120480923171 0.5608670747046208
97 0.31508992458430474 0.7176733091458738 0.8781632847595854 0.5585039451890619
98 -0.6096685270623057 0.6848842956787058 0.9921461027660016 0.46143029513019146
88 0.03033744842172814 0.030460178574665486 0.056183724215751574 0.0952604937631869
35 -0.9481105098905159 0.06672368232316277 0.06661807740598236 0.06275935810771166
56 0.03692358729312163 0.09354872346228268 0.05862360939918304 0.09265653947877035
84 -0.921931910334499 0.5739678249101648 0.461835464777727 0.4166732690121212
77 0.07612646699884873 0.0557506852529867 0.07749918011400503 0.062243641186002355
38 0.04875580514304189 0.060660663396816854 0.08783617262654872 -0.5424440536143231
48 0.08293416715016556 0.07472098271162315 0.0690734366705337 0.06485374673069995
47 -0.7672827018159196 0.07580128142120643 0.07570415868481646 0.06027591426399463
46 0.06668082957363075 -0.9067689968692123 0.07300717449009729 0.06714554760429736
57 0.07624034422804561 0.0755660979725005 0.048195052951616295 -0.4955831578892428
67 0.06922450732865679 -0.47796981616046946 0.07421918436829289 0.06312264545230262
58 0.06046346060770036 0.06350478962963138 -0.418204683623931 0.07273965657710796
68 0.07787544420129244 0.05865247470747801 0.08034492735591924 0.06383175142552577
27 -0.8682185436817894 -0.8528784337377266 0.07385501997462775 0.06442406501260851
87 -0.7576827424574988 0.4963406809835069 -0.786927417093907 0.33153679325987384
99 0.009386332278357746 0.0673911018404158 0.014963024302296391 0.015401133266563227
39 -0.5318157150893067 0.08911082152251612 0.06764373765067196 0.08270665541013454
49 0.06470357036284374 -0.579074311473237 0.0900994506618783 0.058274705889634404
59 0.034282214264346925 0.05017424032444602 0.08709120118285406 0.06255482611643565
69 -0.08387967399860402 0.04646784469109383 0.06399661845788655 0.07590571719756115
79 0.08907141629998146 0.02510967278951505 0.02258416077565193 0.03418456863531722
78 0.02376056121928443 -0.20567225217260676 0.05889565328685606 -0.05062082209561009
89 0.07987948779443509 0.08021208304701072 0.02349403094748779 0.006725497030390205
