0 0.49138467084073895 0.6466420414254432 0.4236621608243694 0.5186517229982209
1 0.2762896638480577 -0.9576088417247839 0.2752112623647453 0.4985538676455787
10 0.45256253200041135 0.6527681368969509 -0.9999999522688926 0.4202379026407176
2 0.23690274018975335 0.22401954354051762 0.21476159210570087 0.28217056540923
3 -0.02083387306377421 -0.01181307470296623 -0.041732937283457845 0.24345305847673668
4 -0.007282608207590323 -0.5217031000000001 -0.005192581997304295 -0.007400085741646072
14 0.0 0.0 0.0 0.0
11 0.0 0.0 0.0 0.0
12 0.24728657098054874 0.10700482841520724 -0.002016614800253027 -0.9774716004550608
13 0.019883599140922012 0.07210008072626094 -0.46855900000000006 -0.03066005530173302
5 -0.007052653224811219 -0.0077062073954973255 -0.006012077695575778 -0.01469335569813471
6 -0.00689789147350024 -0.003912115763752565 -0.008842163820586703 -0.0069837934086677345
7 -0.005716264966356656 -0.271 0.0013880110899847577 -0.0018659456483283458
8 6.313911162148467e-05 -6.932717463771001e-07 0.0039962242380266 -0.00088209
18 -7.002744912900001e-06 0.04711533730053256 -0.01881000004381818 -0.1
17 0.0 0.0 0.0 0.0
15 -0.0037246016141369302 -0.271 -0.009900630739328127 -0.19
9 -6.79475638624196e-09 0.00983970690052695 3.10367403951266e-06 -5.6198885713522945e-08
19 -7.474232024866155e-10 -0.271 -0.0099 0.022242668029959934
16 -0.0039005047305389704 -0.0038922889652685515 -0.34390000000000004 -0.015679292968977687
29 0.0 0.0 0.0 0.0
22 0.3098750077671134 -0.8905810108684877 0.056294049197977064 0.43076758872045207
28 -6.932717463771e-07 0.12102515676364924 -0.1 -7.54972931804662e-09
27 -0.1 -0.19 0.027816850820127383 -0.00013922637555584464
21 -0.9797244404095546 0.3927314117566012 0.37508465615765185 0.5735479616290133
32 0.0 0.0 0.0 0.0
23 -0.04920612419645 0.15898687550679788 -0.030761812279575397 -0.027019503442620444
33 0.008670837998031066 0.28067229381474557 -0.0049629713851176375 -0.34390000000000004
43 0.0032322019684510594 0.4151074118952528 -0.46855900000000006 -0.006883804486155619
53 -0.033388091760184285 0.055637415592838184 -0.016986074577171897 0.5604735173445926
63 -2.1660447041531572e-05 0.5670376677403763 0.0 -0.40951000000000004
44 0.0 0.0 0.0 0.0
26 -0.029163154756507773 -0.0099 -0.0038181896813111156 -0.1
37 0.0 0.0 0.0 0.0
52 -0.007500947229849413 -0.271 -0.00734542922029571 0.6187581051245872
42 -0.19 -0.021008608056194502 -0.044161300548404975 -0.1
20 0.4141442919703913 0.5538481481548916 0.4897475756125162 0.5369553243268069
51 -0.5695327900000001 0.1999566538603539 0.3196628745757901 0.6244790558533128
41 0.0 0.0 0.0 0.0
62 0.0 0.0 0.0 0.0
30 0.5528237752984444 0.5862147937970952 0.46826082861206947 0.5357310303134489
31 0.20763348460454106 -0.6513215599000001 -0.7458134171671 0.5694709324035871
40 0.6206356703288576 0.7355944028283167 -0.9999998478983565 0.6754603686797489
50 0.5610172390639777 0.7569334407824442 0.5547099806669182 0.6758838718845569
61 0.5243196764708626 0.6417160750816314 -0.9202335569231275 0.5615822426853809
71 0.4595352837976225 0.7556772541935145 0.48122629944510437 0.5552212295867356
60 0.6597972232712499 0.7790986912569502 0.5025086118755873 0.6432321835713873
54 -0.271 -0.001675971 -5.8168619093037485e-05 -0.00024316837773003116
55 -0.0007235046469669568 -0.000242391536096913 -0.19 -0.00891594760433228
65 -0.0010185493672951183 -0.01881 0.0034428168389621836 -0.010587290271124887
45 -0.006750707994511507 -0.009990726492344887 -0.00990000000003161 -0.1
35 -0.271 -0.002163783377358869 -0.013712490000000313 -0.002281057420917886
25 0.0 0.0 0.0 0.0
64 -1.6633065798929766e-05 -0.19 -9.70299e-05 -0.049282200000000005
74 0.0 0.0 0.0 0.0
70 0.6497345845181554 0.803683380292781 0.6463276148389121 0.6933037337484483
24 -0.19 -0.013834497647599964 -0.34390000000000004 -0.00749021871197025
36 -1.8674530003799877e-07 -4.263539091611143e-09 -0.271 -3.271383586157122e-05
46 -1.8193920139861195e-08 -0.19 -0.0008820900012466056 -5.559349015337333e-08
80 0.6626246151388051 0.6370906969880451 0.8412048469801435 0.7033942039671756
90 0.7259981182442553 0.48541480895080613 0.3569321244775245 0.459931273759082
91 0.2073064345381732 0.19266053441422318 0.27786981367505287 0.5867931392682323
81 0.656388038618761 0.5291906953115164 0.8712294023937265 0.6506164217187669
75 -0.0007660306585922472 0.7489570616832251 0.14176597278546024 -0.6513215599000001
56 0.0 0.0 0.0 0.0
72 -0.8649148282327008 0.7303755779048953 0.5659478705217634 0.5658972760030833
82 0.6419998370069063 0.6299712347992289 0.9011193800358034 0.6920503252709771
92 0.5652514647125862 0.5657698000175998 0.7712283947856071 0.5387858717890548
73 0.37014659195036204 0.7404890499148932 -0.5695327900000001 0.448748692682006
83 0.6299015058053804 0.9229761162802169 0.7101917536391801 0.6421203627739
76 -0.008910000000000001 0.7198310801749623 -0.19 0.0
66 -0.19 -0.008910000000000001 0.04121567146611066 0.0
93 0.7144397366830247 0.7187764845914424 0.9321792084478356 0.617371705325157
84 -0.9999976458796528 0.7067486052559311 0.9058191773079671 0.7138715918197546
85 0.6272199503201974 0.9361794223189666 0.7256939912441575 0.721357172116295
95 0.7563094517920651 0.7437149381778546 0.9526656972041597 0.7215442345489649
77 0.0 0.0 0.0 0.0
86 0.5298143445718168 0.8344693626131042 0.5109355308197312 0.7118405088041374
94 0.582001965745689 0.6891137218397893 0.9393976851743719 0.7149327351481071
96 0.7379996936774513 0.7723140149334339 0.9705089438916926 0.7458852470991395
97 0.6241591155696924 0.7444830660280809 0.9899999923047607 0.783397695718066
87 -0.34390000000000004 0.22008163795620136 -0.6513215599000001 0.7374386446365676
88 0.0 0.0 0.0 0.0
38 -6.863390289133291e-08 0.22024359685769046 0.0 -0.1
48 0.0032597633647863506 0.3606320928978589 -0.0007359673901223991 5.597508645944979e-07
39 -0.19 0.00018601804493315242 0.0 0.0
67 -5.21321600908035e-15 -0.1 0.2311394891850133 1.1956797897392703e-06
57 -1.1761656315423273e-12 0.006568402764595425 0.0 -0.19
47 -0.1 -0.008910000000000001 0.006362024397824175 -9.702990055122504e-05
34 -0.023094461712910637 -0.19 -0.01715130744348469 -0.00441987069069962
58 0.0057213101846555455 0.5072926220137679 -0.271 6.56004538499629e-06
68 8.558162442085251e-07 -0.0099 0.6713516564376304 0.0
69 -0.271 0.8629493494167143 0.14149075461042465 0.00023584553237520007
59 0.0 0.0 0.0 0.0
79 -0.0099 0.8658158944809174 0.0 0.0
78 0.011039218435951348 -0.19 0.0 0.0
89 0.056046761924914326 0.9972610725500467 0.17654421570887358 -0.1
99 0.0 0.0 0.0 0.0
49 -0.008019000000000002 -0.1 -0.0009801 0.0034164302936737917
98 -0.9999964119488688 0.9897625648962446 0.9999999999999996 0.9028869627690842
