0 0.5044396555512882 0.4339060866169599 0.598579719334706 0.4867889012858438
4 0.5468674761297024 -0.9690968456173674 0.4121596808008939 0.2432368278805581
8 0.0 0.0 0.0 0.0
1 0.49006096306744307 0.7324712228550461 0.4415958909948401 0.5108416257697386
5 0.5555678234480095 0.8421997452174147 -0.9977814687655379 0.4778110585098247
2 0.25555990675040874 -0.5217031000000001 0.03968620032099088 0.524399957310185
3 -0.005434017917697188 -0.005509328117543802 -0.005484855855901698 0.21297959153539991
7 -0.001634923511351156 -0.1 -0.01881 -0.271
6 0.0 0.0 0.0 0.0
11 0.0 0.0 0.0 0.0
9 0.7383962766242662 0.8362294872554494 0.7428936084444575 -0.9962428978738638
13 0.6835225345634586 0.9398206689979238 0.9870309189011248 -0.992144832788721
14 0.9395532340977045 0.982999451589934 0.9999999999999996 0.9216092513010676
10 -0.717570463519 0.9871645313081594 -0.6513215599000001 0.6071833272883155
12 0.0 0.0 0.0 0.0
15 0.0 0.0 0.0 0.0
