1 -0.8417965830838665 -1.0 -0.8254535620318 -0.6625846489457022
2 -0.8596792363727107 -0.883157357592035 -0.8451767189977818 -0.8618689674331623
3 -0.852987096386469 -0.8718221013921522 -0.8540756131556941 -0.8569906510159984
4 -0.8450953560443325 -1.0 -0.8443586790414594 -0.8452131198321411
0 -0.7522072966836569 -0.5726637526126429 -0.7853853068882043 -0.7214494057127585
10 -0.6799315621728655 -0.4268331813564475 -1.0 -0.597546102216451
20 -0.6114158962806148 -0.348407803905965 -0.6724409327112029 -0.44899706736441664
30 -0.460823628518018 -0.3031063841145031 -0.5689834909575148 -0.45905035291489293
21 -1.0 -0.5515714749971301 -0.8375431646395947 -0.6505964490707283
12 -0.8584482739387902 -0.8772553572956637 -0.8689349845956144 -1.0
50 -0.41470137922788547 -0.10776554685873749 -0.4081703121242756 -0.30451795683539024
40 -0.3785072540685787 -0.15936565949538434 -1.0 -0.3652152901160958
31 -0.6158051198525093 -1.0 -1.0 -0.3617736199937397
22 -0.8723647384378137 -1.0 -0.8673434257424119 -0.7709355456399491
23 -0.8646890822879547 -0.9127321185622738 -0.9342487231215866 -0.855469194541915
13 -0.8274719896241203 -0.8672359379193825 -1.0 -0.8643766857970854
70 -0.4011807909812399 -0.059626856792321534 -0.3682232472433145 -0.3795010344139776
60 -0.3717768540298895 -0.07462815194887205 -0.4676342232195835 -0.3749306110972128
51 -1.0 -0.43499914504715553 -0.5243384165611089 -0.20745552420243135
71 -0.515008627380414 -0.14652881420645592 -0.41752894039953803 -0.48452956542370984
61 -0.4792783515458445 -0.18256217645869705 -1.0 -0.49534552145304395
33 -0.8991482788261833 -0.964025386467 -0.9703316699999999 -1.0
91 -0.2948362024467091 -0.2829685546361775 0.04655428221825774 -0.2795354713473882
80 -0.2701615666910477 0.014181584260948968 -0.29225812274909413 -0.31544946777487315
73 -0.8841304267157658 -0.3617719168582121 -1.0 -0.4610642597019045
63 -0.7917785796726146 -0.5982131137563528 -0.9460439232088099 -1.0
53 -0.8475038558424164 -0.6883048282471267 -0.7831844175133805 -0.5128954359232165
43 -0.9801495 -0.8443593604523236 -1.0 -0.99
34 -0.99 -1.0 -0.9801 -0.9702989999999999
24 -1.0 -0.99 -1.0 -0.8781082736035257
72 -1.0 -0.2617232204046906 -0.4994913601944265 -0.46641352480045967
81 -0.33501298419210274 -0.3116058610963292 -0.3367125751375054 -0.06106882829121202
5 -0.882362232957179 -0.892052284129166 -0.8826397391862675 -0.8856736339993282
6 -0.8891302958131895 -0.891234611022329 -0.8904900155311197 -0.8891838162841498
26 -0.8618621334569727 -0.9421162428790322 -0.9279582558764755 -1.0
16 -0.8527176813079712 -0.892209617553837 -1.0 -0.8845719356612184
15 -0.8500314383621814 -1.0 -0.8645852427501163 -1.0
7 -0.868492010080065 -1.0 -0.8603659206825912 -0.8680418729357094
8 -0.8835076633991684 -0.8919521247801975 -0.8843770080896773 -0.8883902211900586
28 -0.7826713791511442 -0.970421514975 -1.0 -0.9525070076663226
18 -0.846974107586803 -0.8508623680047738 -0.857223646071019 -1.0
9 -0.892646280694615 -0.9270646360080329 -0.8951902331132705 -0.8991261858119672
19 -0.86632998819617 -1.0 -0.8702769115952149 -0.873941724533989
38 -0.975298005 -0.9702989999999999 -0.99 -1.0
92 -0.3353772987956499 -0.282764823465665 0.0787502842776315 -0.3030015332984517
82 -0.49838329108998114 -0.4068759016147392 -0.3871609034209101 -0.12164790637325842
90 -0.20293557220829866 -0.19242380329148917 0.013161027145661091 -0.13058644766479086
54 -1.0 -0.8242258740482028 -0.8201939187498551 -0.4644984760362659
52 -0.8238132073787661 -1.0 -0.6088400893529596 -0.3052256761036207
36 -0.9377191271293581 -0.96059601 -1.0 -0.99
46 -0.9702989999999999 0.0 -0.9702989999999999 0.0
27 -1.0 -1.0 -0.8877978065181326 -0.96059601
35 -1.0 -0.99 -0.99 0.0
42 -1.0 -0.7914877700822963 -0.9244229063844891 -1.0
93 -0.17152989490628937 -0.13134280066235515 0.18786157144902488 -0.19522868089856052
83 -0.578916081742645 -0.35417300924699674 -0.388583287653042 -0.17256983985579463
84 -1.0 0.07886625912549049 -0.20959234569949053 -0.35949844394521835
94 -0.14482867575081568 -0.03994691440867334 0.3140043058751736 -0.0747972398493271
95 0.08988435463595273 0.08660176952521477 0.3513171939197123 0.09625678876090948
86 -0.25600973358404333 0.47366223605898294 0.25814217653365423 0.05074568767907138
76 -0.3182649481498562 0.2284065239231174 -1.0 -0.021039663791424024
85 -0.37502719292164954 -0.23806109518029703 0.266982282142845 0.08704533759641765
57 -0.99 -0.9043820750088043 0.0 0.0
47 -1.0 -0.9801 0.0 0.0
48 -0.9801 0.0 0.0 0.0
39 -1.0 0.0 0.0 0.0
75 -0.9515805204331412 -0.34164895110431953 -0.09396780291228701 -1.0
96 0.2329349546808243 0.27084556566839196 0.4819185348394737 0.14663448783369284
55 -0.9517586237418203 -0.7427180587119016 -1.0 0.10314823626998867
45 -0.9801 0.0 0.0 -1.0
65 -0.418219481268524 -0.9591709679290323 -0.37746383103607906 -0.98505
87 -1.0 0.45990017946001704 -1.0 0.318192284185873
97 -0.18338881433471682 0.32442934981342414 0.6649225492271076 0.32997449591148786
64 -0.97049502495 -1.0 -0.96059601 -0.8676723175782711
98 -1.0 0.6744639034615438 1.0 0.4848785617375567
66 -1.0 -0.18848867147547071 -0.9381924358580646 -0.26537472102175996
67 -0.8953382542587163 -1.0 0.0 -0.9135172474836407
